Vout	I1	R	I2	V1	V2	Itot	Log(Vout)	Log(Itot)	Pre-Set		Set		Return	
V	A	ohm	A	V	V	A	V	A	1.004721701	-5.072549439	3.088819614	-4.227175004	0.996596798	-2.239642653
0.00325	2.66E-08	122130.8642	-2.63E-08	0.00325	0	2.64522E-08	-2.488116639	-7.577538202	0.007537917	0.008791015	0.023374533	0.003055737	0.000235076	0.000144922
0.01275	1.03E-07	123455.5947	-1.06E-07	0.01275	0	1.04553E-07	-1.894489815	-6.980663501	0.998763209	0.016038287	0.996120982	0.020074631	0.999994269	0.001054065
0.0225	1.95E-07	115657.4483	-1.98E-07	0.0225	0	1.9617E-07	-1.647817482	-6.707367408	17765.96542	22	17462.21015	68	17973121.67	103
0.032	2.80E-07	114261.2297	-2.76E-07	0.032	0	2.7814E-07	-1.494850022	-6.55573655	4.569879781	0.005658986	7.037109937	0.027403374	19.96910123	0.000114439
0.0415	3.65E-07	113779.6787	-3.63E-07	0.0415	0	3.6365E-07	-1.381951903	-6.439316408						
0.05125	4.28E-07	119709.4273	-4.33E-07	0.05125	0	4.308E-07	-1.29030613	-6.365724305						
0.06075	5.16E-07	117787.343	-5.02E-07	0.06075	0	5.0876E-07	-1.216453718	-6.293487041						
0.0705	5.56E-07	126730.1816	-5.55E-07	0.0705	0	5.5583E-07	-1.151810883	-6.255058017						
0.08	6.35E-07	125948.55	-6.43E-07	0.08	0	6.3898E-07	-1.096910013	-6.194512735						
0.0895	7.21E-07	124112.4917	-7.36E-07	0.0895	0	7.2848E-07	-1.048176965	-6.137582367						
0.09925	8.19E-07	121213.9717	-8.06E-07	0.09925	0	8.1234E-07	-1.003269485	-6.090262161						
0.10875	8.83E-07	123137.3704	-8.96E-07	0.10875	0	8.8958E-07	-0.963570734	-6.05081499						
0.1185	9.85E-07	120358.3327	-9.87E-07	0.1185	0	9.8577E-07	-0.92628165	-6.006224403						
0.128	1.07E-06	119342.8683	-1.12E-06	0.128	0	1.09624E-06	-0.89279003	-5.960094355						
0.1375	1.10E-06	125456.2044	-1.09E-06	0.1375	0	0.000001093	-0.861697302	-5.961379838						
0.14725	1.18E-06	124566.4495	-1.17E-06	0.14725	0	1.17825E-06	-0.831944697	-5.928762552						
0.15675	1.26E-06	123932.6376	-1.26E-06	0.15675	0	1.2646E-06	-0.80479245	-5.898046823						
0.1665	1.38E-06	120312.1613	-1.38E-06	0.1665	0	1.37975E-06	-0.778585762	-5.860199597						
0.176	1.47E-06	119411.0862	-1.47E-06	0.176	0	0.000001474	-0.754487332	-5.831502516						
0.1855	1.61E-06	115324.8368	-1.59E-06	0.1855	0	1.60045E-06	-0.731656086	-5.795757889						
0.19525	1.72E-06	113702.539	-1.73E-06	0.19525	0	1.72135E-06	-0.709408957	-5.764130816						
0.20475	1.84E-06	111422.5076	-1.83E-06	0.20475	0	1.83615E-06	-0.68877609	-5.736091843						
0.2145	1.84E-06	116519.0939	-1.82E-06	0.2145	0	1.82965E-06	-0.668572703	-5.73763198						
0.224	1.94E-06	115648.717	-1.94E-06	0.224	0	0.000001939	-0.649751982	-5.712422191						
0.2335	2.10E-06	111222.254	-2.12E-06	0.2335	0	0.000002108	-0.631713115	-5.676129393						
0.24325	2.18E-06	111464.9682	-2.18E-06	0.24325	0	2.1828E-06	-0.613947151	-5.660986055						
0.25275	2.32E-06	108798.5881	-2.34E-06	0.25275	0	2.3299E-06	-0.597308836	-5.632662719						
0.2625	2.49E-06	105561.5876	-2.48E-06	0.2625	0	2.48175E-06	-0.580870692	-5.605241969						
0.272	2.61E-06	104358.5021	-2.59E-06	0.272	0	2.5985E-06	-0.565431096	-5.585277279						
0.2815	2.74E-06	102763.4797	-2.74E-06	0.2815	0	2.7389E-06	-0.550521601	-5.562423824						
0.29125	2.87E-06	101477.3004	-2.87E-06	0.29125	0	2.86935E-06	-0.535734066	-5.542216474						
0.30075	3.03E-06	99169.05728	-3.03E-06	0.30075	0	3.03195E-06	-0.521794364	-5.518277965						
0.3105	3.21E-06	96750.07011	-3.25E-06	0.3105	0	0.000003228	-0.507938395	-5.491066474						
0.32	3.38E-06	94571.03171	-3.35E-06	0.32	0	3.36765E-06	-0.494850022	-5.472673051						
0.3295	3.56E-06	92431.55296	-3.60E-06	0.3295	0	3.57995E-06	-0.482144581	-5.446123039						
0.33925	3.77E-06	89929.48786	-3.76E-06	0.33925	0	3.76785E-06	-0.469480144	-5.423906395						
0.34875	3.97E-06	87954.90656	-3.96E-06	0.34875	0	3.9635E-06	-0.457485784	-5.401921137						
0.3585	4.20E-06	85391.70617	-4.28E-06	0.3585	0	4.23885E-06	-0.44551084	-5.372751952						
0.368	4.47E-06	82345.04363	-4.46E-06	0.368	0	4.4651E-06	-0.434152181	-5.35016881						
0.3775	4.62E-06	81713.49409	-4.61E-06	0.3775	0	4.61345E-06	-0.423083044	-5.335974182						
0.38725	4.82E-06	80265.72151	-4.83E-06	0.38725	0	4.82595E-06	-0.412008574	-5.316417182						
0.39675	5.06E-06	78334.78124	-5.09E-06	0.39675	0	5.07845E-06	-0.401483065	-5.294268819						
0.4065	5.34E-06	76177.80443	-5.30E-06	0.4065	0	5.3171E-06	-0.39093945	-5.274325172						
0.416	5.56E-06	74755.60667	-5.55E-06	0.416	0	5.55845E-06	-0.380906669	-5.255046297						
0.4255	5.94E-06	71635.4086	-5.89E-06	0.4255	0	5.91285E-06	-0.371100436	-5.228203138						
0.43525	6.17E-06	70537.23361	-6.13E-06	0.43525	0	6.14875E-06	-0.36126122	-5.211213164						
0.44475	6.41E-06	69353.48054	-6.46E-06	0.44475	0	6.43495E-06	-0.351884043	-5.191454823						
0.4545	6.89E-06	66001.56835	-6.80E-06	0.4545	0	6.84195E-06	-0.342466112	-5.164820104						
0.464	7.07E-06	65621.99468	-7.06E-06	0.464	0	7.0631E-06	-0.333482019	-5.151004645						
0.4735	7.29E-06	64986.7556	-7.23E-06	0.4735	0	7.2577E-06	-0.324680017	-5.139200988						
0.48325	7.58E-06	63792.85309	-7.59E-06	0.48325	0	0.000007584	-0.315828137	-5.120101676						
0.49275	7.90E-06	62356.05274	-7.90E-06	0.49275	0	7.89925E-06	-0.307373367	-5.102414141						
0.5025	8.23E-06	61053.39894	-8.26E-06	0.5025	0	8.24475E-06	-0.298863934	-5.083822509						
0.512	8.65E-06	59161.34176	-8.60E-06	0.512	0	8.6248E-06	-0.290730039	-5.064250967						
0.5215	8.97E-06	58117.50546	-8.98E-06	0.5215	0	8.97535E-06	-0.282745687	-5.046948607						
0.53125	9.35E-06	56801.17184	-9.35E-06	0.53125	0	9.3511E-06	-0.274701057	-5.029137299						
0.54075	9.77E-06	55370.1068	-9.78E-06	0.54075	0	9.77465E-06	-0.267003472	-5.009898784						
0.5505	1.03E-05	53229.03472	-1.03E-05	0.5505	0	1.0313E-05	-0.259242677	-4.986617088						
0.56	1.06E-05	52695.96311	-1.06E-05	0.56	0	1.06085E-05	-0.251811973	-4.974346019						
0.5695	1.10E-05	51846.72669	-1.10E-05	0.5695	0	1.10063E-05	-0.244506272	-4.958358654						
0.57925	1.16E-05	50064.82282	-1.16E-05	0.57925	0	0.00001156	-0.237133958	-4.937042166						
0.58875	1.18E-05	49919.45057	-1.18E-05	0.58875	0	0.000011802	-0.23006908	-4.92804439						
0.5985	1.23E-05	48769.55671	-1.23E-05	0.5985	0	0.000012287	-0.222935845	-4.910554142						
0.608	1.29E-05	46957.05901	-1.29E-05	0.608	0	0.000012932	-0.216096421	-4.888334304						
0.6175	1.34E-05	46157.87113	-1.34E-05	0.6175	0	0.000013379	-0.209363038	-4.873576346						
0.62725	1.39E-05	45099.94248	-1.39E-05	0.62725	0	0.000013907	-0.20255933	-4.856766545						
0.63675	1.45E-05	43998.75622	-1.44E-05	0.63675	0	0.000014451	-0.196031046	-4.840102099						
0.6465	1.50E-05	43065.54756	-1.50E-05	0.6465	0	0.000015009	-0.189431471	-4.823648242						
0.656	1.56E-05	41970.56942	-1.57E-05	0.656	0	0.000015643	-0.183096161	-4.805679955						
0.6655	1.64E-05	40693.40834	-1.64E-05	0.6655	0	0.000016374	-0.17685194	-4.785845214						
0.67525	1.70E-05	39720.58824	-1.72E-05	0.67525	0	0.000017094	-0.170535407	-4.7671563						
0.68475	1.77E-05	38603.56297	-1.77E-05	0.68475	0	0.000017713	-0.164467959	-4.751707877						
0.6945	1.84E-05	37760.98304	-1.84E-05	0.6945	0	0.000018398	-0.15832775	-4.735229385						
0.704	1.93E-05	36450.24335	-1.93E-05	0.704	0	0.000019306	-0.152427341	-4.714307698						
0.7135	2.02E-05	35388.35433	-2.02E-05	0.7135	0	0.000020182	-0.146606023	-4.695035798						
0.72325	2.08E-05	34694.9055	-2.09E-05	0.72325	0	0.000020873	-0.140711558	-4.680415127						
0.73275	2.16E-05	33898.50111	-2.17E-05	0.73275	0	0.000021639	-0.135044173	-4.664762813						
0.7425	2.25E-05	33049.94213	-2.25E-05	0.7425	0	0.000022491	-0.129303542	-4.647991234						
0.752	2.35E-05	32035.44347	-2.34E-05	0.752	0	0.000023445	-0.123782159	-4.629949763						
0.7615	2.43E-05	31355.51346	-2.42E-05	0.7615	0	0.00002424	-0.118330092	-4.615467385						
0.77125	2.50E-05	30850	-2.51E-05	0.77125	0	0.000025068	-0.112804823	-4.600880314						
0.78075	2.62E-05	29852.03028	-2.62E-05	0.78075	0	0.0000262	-0.107488007	-4.581698709						
0.7905	2.76E-05	28653.76251	-2.76E-05	0.7905	0	0.000027601	-0.102098126	-4.559075183						
0.8	2.85E-05	28083.97107	-2.86E-05	0.8	0	0.000028558	-0.096910013	-4.544272211						
0.8095	2.98E-05	27179.02229	-2.96E-05	0.8095	0	0.000029676	-0.091783147	-4.527594638						
0.81925	3.07E-05	26696.10271	-3.05E-05	0.81925	0	0.000030618	-0.08658355	-4.514023181						
0.82875	3.17E-05	26146.83241	-3.16E-05	0.82875	0	0.000031656	-0.081576459	-4.499543963						
0.8385	3.28E-05	25535.99708	-3.27E-05	0.8385	0	0.000032749	-0.076496933	-4.484801957						
0.848	3.37E-05	25175.15734	-3.39E-05	0.848	0	0.000033774	-0.071604148	-4.471417501						
0.8575	3.51E-05	24459.46717	-3.50E-05	0.8575	0	0.000035021	-0.066765871	-4.455671457						
0.86725	3.64E-05	23853.07223	-3.62E-05	0.86725	0	0.000036273	-0.061855691	-4.440416524						
0.87675	3.75E-05	23381.247	-3.75E-05	0.87675	0	0.00003751	-0.057124225	-4.425852936						
0.8865	4.01E-05	22109.43735	-4.02E-05	0.8865	0	0.000040162	-0.05232126	-4.396184668						
0.896	4.15E-05	21598.68865	-4.16E-05	0.896	0	0.000041527	-0.04769199	-4.381669442						
0.9055	4.34E-05	20858.28803	-4.33E-05	0.9055	0	0.000043361	-0.043111545	-4.362900711						
0.91525	4.50E-05	20350.64704	-4.48E-05	0.91525	0	0.000044867	-0.038460262	-4.348072968						
0.92475	4.64E-05	19917.07947	-4.64E-05	0.92475	0	0.000046409	-0.03397566	-4.333397789						
0.9345	4.78E-05	19556.7554	-4.79E-05	0.9345	0	0.000047851	-0.029420694	-4.320108982						
0.944	4.93E-05	19144.96633	-4.89E-05	0.944	0	0.000049101	-0.025028006	-4.308909663						
0.9535	4.95E-05	19268.07582	-4.96E-05	0.9535	0	0.000049535	-0.020679303	-4.305087833						
0.96325	5.13E-05	18786.32445	-5.11E-05	0.96325	0	0.000051187	-0.016260982	-4.290840323						
0.97275	5.30E-05	18355.15888	-5.31E-05	0.97275	0	0.00005303	-0.011998761	-4.275478373						
0.9825	5.51E-05	17825.39279	-5.51E-05	0.9825	0	0.000055092	-0.007667441	-4.258911461						
0.992	5.70E-05	17391.30435	-5.69E-05	0.992	0	0.000056959	-0.003488328	-4.244437644						
1.0015	5.91E-05	16959.6288	-5.88E-05	1.0015	0	0.000058943	0.000650954	-4.229567764						
1.01125	6.11E-05	16556.69799	-6.12E-05	1.01125	0	0.000061161	0.004858535	-4.213525422						
1.02075	6.31E-05	16171.06556	-6.30E-05	1.02075	0	0.000063039	0.008919389	-4.200390685						
1.0305	6.52E-05	15806.18443	-6.52E-05	1.0305	0	0.000065217	0.013047996	-4.185639183						
1.04	6.76E-05	15391.90149	-6.71E-05	1.04	0	0.000067323	0.017033339	-4.17183654						
1.0495	6.93E-05	15145.17432	-6.94E-05	1.0495	0	0.000069344	0.020982443	-4.15899111						
1.05925	7.20E-05	14711.39691	-7.19E-05	1.05925	0	0.000071965	0.024998473	-4.14287867						
1.06875	7.42E-05	14406.74539	-7.42E-05	1.06875	0	0.00007417	0.028876128	-4.129771721						
1.0785	7.63E-05	14126.8469	-7.65E-05	1.0785	0	0.00007641	0.032820149	-4.1168498						
1.088	7.88E-05	13802.20226	-7.91E-05	1.088	0	0.000078951	0.036628895	-4.102642365						
1.0975	8.17E-05	13430.33359	-8.15E-05	1.0975	0	0.000081606	0.040404529	-4.088277909						
1.10725	8.47E-05	13072.30054	-8.44E-05	1.10725	0	0.000084562	0.044245689	-4.072824754						
1.11675	8.68E-05	12872.6053	-8.70E-05	1.11675	0	0.000086877	0.047955961	-4.061095184						
1.1265	9.01E-05	12508.32778	-9.03E-05	1.1265	0	0.000090175	0.051731196	-4.044913849						
1.136	9.23E-05	12307.959	-9.23E-05	1.136	0	0.0000923	0.055378331	-4.034798299						
1.1455	9.60E-05	11927.07357	-9.60E-05	1.1455	0	0.000096028	0.058995094	-4.017602116						
1.15525	9.86E-05	11717.48215	-9.86E-05	1.15525	0	0.000098602	0.062675977	-4.006114276						
1.16475	0.000101394	11487.36612	-0.000101552	1.16475	0	0.000101473	0.066232719	-3.9936495						
1.1745	0.00010443	11246.76817	-0.000104902	1.1745	0	0.000104666	0.069853021	-3.980194373						
1.184	0.000108206	10942.09194	-0.000108162	1.184	0	0.000108184	0.073351702	-3.965836965						
1.1935	0.000111672	10687.54925	-0.000111536	1.1935	0	0.000111604	0.076822423	-3.95232024						
1.20325	0.0048518	248.000742	-0.0048334	1.20325	0	0.0048426	0.08035587	-2.314921402						
1.21275	0.0048472	250.1959894	-0.0048352	1.21275	0	0.0048412	0.083771283	-2.315046975						
1.2225	0.0048646	251.3053488	-0.004864	1.2225	0	0.0048643	0.087248868	-2.312979648						
1.232	0.0048796	252.4797115	-0.0048722	1.232	0	0.0048759	0.090610708	-2.31194521						
1.2415	0.0048842	254.1869702	-0.0048702	1.2415	0	0.0048772	0.093946724	-2.311829435						
1.25125	0.0048748	256.677197	-0.0048628	1.25125	0	0.0048688	0.09734409	-2.312578065						
1.26075	0.0048864	258.0120334	-0.0048782	1.26075	0	0.0048823	0.100628977	-2.311375538						
1.2705	0.0048978	259.4021806	-0.0048904	1.2705	0	0.0048941	0.103974669	-2.310327161						
1.28	0.004922	260.0568874	-0.0049158	1.28	0	0.0049189	0.10720997	-2.308132006						
1.2895	0.0049432	260.8634083	-0.0049394	1.2895	0	0.0049413	0.110421346	-2.306158778						
1.29925	0.0049658	261.639615	-0.004959	1.29925	0	0.0049624	0.113692725	-2.304308232						
1.30875	0.004913	266.3851008	-0.0049182	1.30875	0	0.0049156	0.116856695	-2.308423464						
1.3185	0.0050342	261.9085455	-0.004967	1.3185	0	0.0050006	0.120080134	-2.300977883						
1.328	0.0050316	263.9319501	-0.0050286	1.328	0	0.0050301	0.123198075	-2.298423381						
1.3375	0.0050846	263.0492074	-0.0050926	1.3375	0	0.0050886	0.126293791	-2.293401686						
1.34725	0.0052068	258.7481755	-0.0052148	1.34725	0	0.0052108	0.129448192	-2.283095596						
1.35675	0.0051958	261.1243697	-0.0052062	1.35675	0	0.005201	0.13249983	-2.283913146						
1.3665	0.0052734	259.1307316	-0.0052812	1.3665	0	0.0052773	0.135609636	-2.277588217						
1.376	0.0053342	257.9580818	-0.0053378	1.376	0	0.005336	0.138618434	-2.272784179						
1.3855	0.00539	257.0500928	-0.005398	1.3855	0	0.005394	0.14160653	-2.268089058						
1.39525	0.005449	256.0561571	-0.005456	1.39525	0	0.0054525	0.144652031	-2.263404326						
1.40475	0.0055136	254.7790917	-0.005522	1.40475	0	0.0055178	0.147599041	-2.258234045						
1.4145	0.0055834	253.3402586	-0.0056006	1.4145	0	0.005592	0.150602952	-2.252432837						
1.424	0.0056426	252.3659306	-0.0056478	1.424	0	0.0056452	0.153509989	-2.248320667						
1.4335	0.0057166	250.7609418	-0.0057308	1.4335	0	0.0057237	0.156397697	-2.242323137						
1.44325	0.0058582	246.3640709	-0.0058102	1.44325	0	0.0058342	0.159341566	-2.234018687						
1.45275	0.0058814	247.0075152	-0.0059602	1.45275	0	0.0059208	0.162190884	-2.227619609						
1.4625	0.0059418	246.1375341	-0.0059444	1.4625	0	0.0059431	0.165095875	-2.225986962						
1.472	0.0059818	246.0797753	-0.0059864	1.472	0	0.0059841	0.16790781	-2.223001158						
1.4815	0.006028	245.7697412	-0.0060266	1.4815	0	0.0060273	0.170701656	-2.219877192						
1.49125	0.0060558	246.2515275	-0.0060582	1.49125	0	0.006057	0.173550457	-2.217742426						
1.50075	0.0060972	246.1375713	-0.0060942	1.50075	0	0.0060957	0.176308352	-2.214976415						
1.5105	0.0061344	246.2343505	-0.0061328	1.5105	0	0.0061336	0.17912073	-2.21228455						
1.52	0.0062126	244.6640698	-0.006214	1.52	0	0.0062133	0.181843588	-2.206677677						
1.5295	0.0062472	244.8296837	-0.006245	1.5295	0	0.0062461	0.184549481	-2.204391067						
1.53925	0.006286	244.8695514	-0.0062854	1.53925	0	0.0062857	0.187309162	-2.201646351						
1.54875	0.0063288	244.7146378	-0.0063272	1.54875	0	0.006328	0.189981319	-2.19873353						
1.5585	0.006344	245.6651955	-0.0063544	1.5585	0	0.0063492	0.192706807	-2.197280992						
1.568	0.0064104	244.6025209	-0.0064164	1.568	0	0.0064134	0.195346058	-2.192911673						
1.5775	0.0064728	243.7121493	-0.0064756	1.5775	0	0.0064742	0.197969368	-2.188813889						
1.58725	0.0065104	243.8022241	-0.0065084	1.58725	0	0.0065094	0.200645336	-2.18645904						
1.59675	0.0065352	244.3307014	-0.0065298	1.59675	0	0.0065325	0.203236925	-2.184920582						
1.6065	0.0065594	244.9156935	-0.0065584	1.6065	0	0.0065589	0.20588073	-2.183168991						
1.616	0.0065958	245.0043967	-0.006601	1.616	0	0.0065984	0.208441356	-2.180561361						
1.6255	0.0066378	244.8853536	-0.0066314	1.6255	0	0.0066346	0.210986974	-2.178185256						
1.63525	0.0066826	244.7026606	-0.0067118	1.63525	0	0.0066972	0.213584158	-2.174106731						
1.64475	0.0080694	203.8255632	-0.0080966	1.64475	0	0.008083	0.216099895	-2.092427421						
1.6545	0.0081978	201.8224402	-0.008214	1.6545	0	0.0082059	0.218666771	-2.08587378						
1.664	0.0083202	199.9951924	-0.008336	1.664	0	0.0083281	0.221153322	-2.079454069						
1.6735	0.0087164	191.9944014	-0.0087638	1.6735	0	0.0087401	0.223625717	-2.058483598						
1.68325	0.0089078	188.9636049	-0.0089238	1.68325	0	0.0089158	0.226148623	-2.049839682						
1.69275	0.008999	188.1042338	-0.0090024	1.69275	0	0.0090007	0.228592822	-2.045723713						
1.7025	0.0091352	186.3670199	-0.0091742	1.7025	0	0.0091547	0.231087121	-2.038355883						
1.712	0.009238	185.3214982	-0.0092396	1.712	0	0.0092388	0.23350376	-2.034384434						
1.7215	0.0093092	184.9245907	-0.0093138	1.7215	0	0.0093115	0.235907027	-2.030980352						
1.73125	0.0093814	184.5406869	-0.0093836	1.73125	0	0.0093825	0.238359786	-2.027681427						
1.74075	0.009439	184.4210192	-0.0094406	1.74075	0	0.0094398	0.240736404	-2.025037207						
1.7505	0.0094994	184.2747963	-0.0095008	1.7505	0	0.0095001	0.243162115	-2.022271823						
1.76	0.0095566	184.1659167	-0.0095554	1.76	0	0.009556	0.245512668	-2.019723859						
1.7695	0.0096096	184.1387779	-0.0096106	1.7695	0	0.0096101	0.247850567	-2.017272093						
1.77925	0.0096616	184.1568684	-0.009658	1.77925	0	0.0096598	0.250236974	-2.015031865						
1.78875	0.009713	184.1604036	-0.0097154	1.78875	0	0.0097142	0.252549647	-2.012592959						
1.7985	0.009773	184.0274225	-0.0097754	1.7985	0	0.0097742	0.254910442	-2.009918779						
1.808	0.0098384	183.7697187	-0.009845	1.808	0	0.0098417	0.257198426	-2.006929877						
1.8175	0.009905	183.4931853	-0.0099112	1.8175	0	0.0099081	0.25947442	-2.004009619						
1.82725	0.0099738	183.2049971	-0.0099796	1.82725	0	0.0099767	0.261797971	-2.001013087						
1.83675	0.0100406	182.9322949	-0.0100422	1.83675	0	0.0100414	0.264050049	-1.998205732						
1.8465	0.0101044	182.7421717	-0.0101062	1.8465	0	0.0101053	0.266349312	-1.995450789						
1.856	0.0101606	182.666378	-0.0101648	1.856	0	0.0101627	0.268577972	-1.992990894						
1.8655	0.0102204	182.5271027	-0.0102218	1.8655	0	0.0102211	0.270795253	-1.990502363						
1.87525	0.010279	182.4350618	-0.0102782	1.87525	0	0.0102786	0.273059174	-1.988066035						
1.88475	0.0103346	182.3728059	-0.0103376	1.88475	0	0.0103361	0.275253752	-1.985643298						
1.8945	0.0103984	182.191491	-0.0104054	1.8945	0	0.0104019	0.27749461	-1.982887326						
1.904	0.0104604	182.019808	-0.0104644	1.904	0	0.0104624	0.279666944	-1.98036868						
1.9135	0.0105202	181.888177	-0.0105208	1.9135	0	0.0105205	0.281828467	-1.977963619						
1.92325	0.0105758	181.853855	-0.0105758	1.92325	0	0.0105758	0.284035741	-1.975686771						
1.93275	0.0106348	181.7382555	-0.0106364	1.93275	0	0.0106356	0.286175682	-1.973238005						
1.9425	0.0106914	181.6880858	-0.0106918	1.9425	0	0.0106916	0.288361027	-1.970957298						
1.952	0.0107474	181.6253233	-0.01075	1.952	0	0.0107487	0.290479813	-1.968644058						
1.9615	0.010808	181.4859363	-0.0108108	1.9615	0	0.0108094	0.292588312	-1.966198412						
1.97125	0.010873	181.2977099	-0.0108738	1.97125	0	0.0108734	0.294741706	-1.963634635						
1.98075	0.010932	181.1882547	-0.0109346	1.98075	0	0.0109333	0.296829665	-1.961248735						
1.9905	0.0109984	180.9808699	-0.011005	1.9905	0	0.0110017	0.298962182	-1.958540202						
2	0.0110684	180.69459	-0.01107	2	0	0.0110692	0.301029996	-1.955883766						
2	0.0110934	180.2873781	-0.0110946	2	0	0.011094	0.301029996	-1.954911838						
1.9905	0.0110514	180.1129269	-0.0110528	1.9905	0	0.0110521	0.298962182	-1.956555194						
1.98075	0.0110074	179.9471265	-0.0110072	1.98075	0	0.0110073	0.296829665	-1.958319197						
1.97125	0.0109612	179.8388863	-0.0109622	1.97125	0	0.0109617	0.294741706	-1.960122088						
1.9615	0.0109082	179.8188519	-0.0109114	1.9615	0	0.0109098	0.292588312	-1.962183211						
1.952	0.0108644	179.6693789	-0.0108644	1.952	0	0.0108644	0.290479813	-1.963994253						
1.9425	0.0108172	179.5751211	-0.0108206	1.9425	0	0.0108189	0.288361027	-1.965816893						
1.93275	0.0107734	179.4001894	-0.0107728	1.93275	0	0.0107731	0.286175682	-1.967659309						
1.92325	0.0107266	179.297261	-0.010726	1.92325	0	0.0107263	0.284035741	-1.969550061						
1.9135	0.0106742	179.2640198	-0.0106734	1.9135	0	0.0106738	0.281828467	-1.971680939						
1.904	0.0106234	179.2269895	-0.010624	1.904	0	0.0106237	0.279666944	-1.973724202						
1.8945	0.010578	179.0981282	-0.0105786	1.8945	0	0.0105783	0.27749461	-1.975584121						
1.88475	0.0105276	179.0294084	-0.0105264	1.88475	0	0.010527	0.275253752	-1.977695377						
1.87525	0.0104772	178.9838888	-0.0104768	1.87525	0	0.010477	0.273059174	-1.979763056						
1.8655	0.0104246	178.9517104	-0.0104234	1.8655	0	0.010424	0.270795253	-1.981965597						
1.856	0.0103742	178.9053614	-0.0103742	1.856	0	0.0103742	0.268577972	-1.984045384						
1.8465	0.0103254	178.8308443	-0.0103282	1.8465	0	0.0103268	0.266349312	-1.986034234						
1.83675	0.0102776	178.7139021	-0.010277	1.83675	0	0.0102773	0.264050049	-1.988120966						
1.82725	0.0102266	178.6761974	-0.010227	1.82725	0	0.0102268	0.261797971	-1.990260237						
1.8175	0.0101746	178.631101	-0.0101748	1.8175	0	0.0101747	0.25947442	-1.992478387						
1.808	0.010125	178.5679012	-0.0101244	1.808	0	0.0101247	0.257198426	-1.994617836						
1.7985	0.010074	178.5288862	-0.0100746	1.7985	0	0.0100743	0.254910442	-1.996785121						
1.78875	0.0100236	178.4538489	-0.0100228	1.78875	0	0.0100232	0.252549647	-1.998993604						
1.77925	0.0099718	178.4281674	-0.0099718	1.77925	0	0.0099718	0.250236974	-2.001226441						
1.7695	0.0099204	178.3698238	-0.0099204	1.7695	0	0.0099204	0.247850567	-2.003470816						
1.76	0.0098698	178.3217492	-0.0098692	1.76	0	0.0098695	0.245512668	-2.005704849						
1.7505	0.0098196	178.2659171	-0.009819	1.7505	0	0.0098193	0.243162115	-2.007919471						
1.74075	0.0097668	178.2313552	-0.009766	1.74075	0	0.0097664	0.240736404	-2.010265492						
1.73125	0.009716	178.1854673	-0.0097152	1.73125	0	0.0097156	0.238359786	-2.012530374						
1.7215	0.009663	178.1537825	-0.009662	1.7215	0	0.0096625	0.235907027	-2.014910493						
1.712	0.0096106	178.1366408	-0.0096104	1.712	0	0.0096105	0.23350376	-2.017254017						
1.7025	0.0095604	178.0783231	-0.0095588	1.7025	0	0.0095596	0.231087121	-2.019560279						
1.69275	0.0095068	178.0567594	-0.0095066	1.69275	0	0.0095067	0.228592822	-2.021970211						
1.68325	0.009456	178.0086717	-0.0094554	1.68325	0	0.0094557	0.226148623	-2.024306315						
1.6735	0.0094018	177.9978302	-0.0094014	1.6735	0	0.0094016	0.223625717	-2.02679823						
1.664	0.0093504	177.9603012	-0.00935	1.664	0	0.0093502	0.221153322	-2.0291791						
1.6545	0.0094282	175.4841857	-0.0094266	1.6545	0	0.0094274	0.218666771	-2.025608066						
1.64475	0.0093688	175.5561011	-0.0093674	1.64475	0	0.0093681	0.216099895	-2.028348482						
1.63525	0.0093122	175.6029724	-0.0093122	1.63525	0	0.0093122	0.213584158	-2.030947705						
1.6255	0.0092594	175.5513316	-0.0092584	1.6255	0	0.0092589	0.210986974	-2.033440606						
1.616	0.0092038	175.5796519	-0.0092034	1.616	0	0.0092036	0.208441356	-2.036042265						
1.6065	0.0091508	175.5584211	-0.009151	1.6065	0	0.0091509	0.20588073	-2.038536191						
1.59675	0.009097	175.5248983	-0.0090968	1.59675	0	0.0090969	0.203236925	-2.041106579						
1.58725	0.0090452	175.4798125	-0.009045	1.58725	0	0.0090451	0.200645336	-2.043586627						
1.5775	0.0089912	175.4493282	-0.0089904	1.5775	0	0.0089908	0.197969368	-2.046201663						
1.568	0.008937	175.4503748	-0.008937	1.568	0	0.008937	0.195346058	-2.048808242						
1.5585	0.0088852	175.4040427	-0.0088844	1.5585	0	0.0088848	0.192706807	-2.051352344						
1.54875	0.0088312	175.3725428	-0.0088306	1.54875	0	0.0088309	0.189981319	-2.053995033						
1.53925	0.008778	175.3531556	-0.0087776	1.53925	0	0.0087778	0.187309162	-2.056614319						
1.5295	0.0087244	175.3129155	-0.0087242	1.5295	0	0.0087243	0.184549481	-2.059269409						
1.52	0.0086708	175.3010103	-0.0086704	1.52	0	0.0086706	0.181843588	-2.061950849						
1.5105	0.0086178	175.2767528	-0.0086168	1.5105	0	0.0086173	0.17912073	-2.064628787						
1.50075	0.0085642	175.2352818	-0.008564	1.50075	0	0.0085641	0.176308352	-2.06731827						
1.49125	0.0085108	175.2185458	-0.0085108	1.49125	0	0.0085108	0.173550457	-2.070029615						
1.4815	0.0084572	175.1761812	-0.0084568	1.4815	0	0.008457	0.170701656	-2.072783669						
1.472	0.0084046	175.142184	-0.0084044	1.472	0	0.0084045	0.16790781	-2.075488118						
1.4625	0.0083512	175.124533	-0.0083512	1.4625	0	0.0083512	0.165095875	-2.078251115						
1.45275	0.0082972	175.0891867	-0.0082968	1.45275	0	0.008297	0.162190884	-2.08107891						
1.44325	0.008245	175.0454821	-0.0082444	1.44325	0	0.0082447	0.159341566	-2.083825142						
1.4335	0.0081904	175.0219769	-0.0081898	1.4335	0	0.0081901	0.156397697	-2.086710796						
1.424	0.0081372	174.9987711	-0.0081368	1.424	0	0.008137	0.153509989	-2.089535684						
1.4145	0.008085	174.9536178	-0.0080836	1.4145	0	0.0080843	0.150602952	-2.092357579						
1.40475	0.0080296	174.9464481	-0.008029	1.40475	0	0.0080293	0.147599041	-2.095322315						
1.39525	0.007976	174.9310431	-0.0079752	1.39525	0	0.0079756	0.144652031	-2.098236635						
1.3855	0.0079208	174.9192001	-0.0079206	1.3855	0	0.0079207	0.14160653	-2.101236435						
1.376	0.0078686	174.8722772	-0.0078684	1.376	0	0.0078685	0.138618434	-2.104108051						
1.3665	0.007815	174.8560461	-0.0078146	1.3665	0	0.0078148	0.135609636	-2.107082132						
1.35675	0.0077604	174.8299057	-0.0077598	1.35675	0	0.0077601	0.13249983	-2.110132682						
1.34725	0.0077072	174.8040793	-0.007707	1.34725	0	0.0077071	0.129448192	-2.113109006						
1.3375	0.0076528	174.7726322	-0.0076524	1.3375	0	0.0076526	0.126293791	-2.116190987						
1.328	0.0075988	174.7644365	-0.0075984	1.328	0	0.0075986	0.123198075	-2.119266417						
1.3185	0.0075466	174.7144409	-0.0075462	1.3185	0	0.0075464	0.120080134	-2.122260179						
1.30875	0.0074918	174.6909955	-0.0074912	1.30875	0	0.0074915	0.116856695	-2.125431216						
1.29925	0.0074382	174.6726359	-0.0074378	1.29925	0	0.007438	0.113692725	-2.128543826						
1.2895	0.007384	174.6343445	-0.0073834	1.2895	0	0.0073837	0.110421346	-2.131725957						
1.28	0.0073306	174.6105367	-0.0073304	1.28	0	0.0073305	0.10720997	-2.134866402						
1.2705	0.0072766	174.6007751	-0.007276	1.2705	0	0.0072763	0.103974669	-2.138089403						
1.26075	0.0072226	174.556254	-0.0072222	1.26075	0	0.0072224	0.100628977	-2.141318463						
1.25125	0.0071688	174.5410668	-0.007168	1.25125	0	0.0071684	0.09734409	-2.144577769						
1.2415	0.0071134	174.5297607	-0.0071134	1.2415	0	0.0071134	0.093946724	-2.147922769						
1.232	0.007061	174.4795355	-0.0070602	1.232	0	0.0070606	0.090610708	-2.151158392						
1.2225	0.0070066	174.478349	-0.0070066	1.2225	0	0.0070066	0.087248868	-2.154492675						
1.21275	0.006952	174.4462025	-0.0069514	1.21275	0	0.0069517	0.083771283	-2.157908978						
1.20325	0.0068988	174.4143909	-0.0068984	1.20325	0	0.0068986	0.08035587	-2.161239036						
1.1935	0.006844	174.3863238	-0.0068436	1.1935	0	0.0068438	0.076822423	-2.164702691						
1.184	0.0067896	174.3843525	-0.0067892	1.184	0	0.0067894	0.073351702	-2.168168604						
1.1745	0.0067372	174.3305824	-0.0067366	1.1745	0	0.0067369	0.069853021	-2.171539899						
1.16475	0.006682	174.3115834	-0.0066814	1.16475	0	0.0066817	0.066232719	-2.175113028						
1.15525	0.0066284	174.2879126	-0.0066278	1.15525	0	0.0066281	0.062675977	-2.178610948						
1.1455	0.0065726	174.2841493	-0.0065726	1.1455	0	0.0065726	0.058995094	-2.182262798						
1.136	0.0065202	174.2277844	-0.0065194	1.136	0	0.0065198	0.055378331	-2.185765726						
1.1265	0.0064654	174.2351595	-0.0064652	1.1265	0	0.0064653	0.051731196	-2.189411318						
1.11675	0.0064108	174.198228	-0.0064102	1.11675	0	0.0064105	0.047955961	-2.193108095						
1.10725	0.006357	174.1780714	-0.006357	1.10725	0	0.006357	0.044245689	-2.196747789						
1.0975	0.0063022	174.1455365	-0.0063018	1.0975	0	0.006302	0.040404529	-2.200521601						
1.088	0.0062476	174.1468724	-0.0062472	1.088	0	0.0062474	0.036628895	-2.204300687						
1.0785	0.0061948	174.0976303	-0.0061948	1.0785	0	0.0061948	0.032820149	-2.20797271						
1.06875	0.0061392	174.0862002	-0.0061386	1.06875	0	0.0061389	0.028876128	-2.211909441						
1.05925	0.0060854	174.0641535	-0.0060848	1.05925	0	0.0060851	0.024998473	-2.21573228						
1.0495	0.0060302	174.040662	-0.0060302	1.0495	0	0.0060302	0.020982443	-2.219668284						
1.04	0.0059762	174.0236271	-0.0059758	1.04	0	0.005976	0.017033339	-2.223589411						
1.0305	0.0059214	174.0297903	-0.0059214	1.0305	0	0.0059214	0.013047996	-2.227575601						
1.02075	0.0058676	173.9638012	-0.0058672	1.02075	0	0.0058674	0.008919389	-2.231554303						
1.01125	0.005813	173.96353	-0.0058126	1.01125	0	0.0058128	0.004858535	-2.235614619						
1.0015	0.0057576	173.9440044	-0.0057576	1.0015	0	0.0057576	0.000650954	-2.23975851						
0.992	0.0057042	173.9069458	-0.0057036	0.992	0	0.0057039	-0.003488328	-2.243828097						
0.9825	0.00565	173.8938053	-0.0056498	0.9825	0	0.0056499	-0.007667441	-2.247959239						
0.97275	0.0055944	173.8792364	-0.005594	0.97275	0	0.0055942	-0.011998761	-2.252262011						
0.96325	0.0055408	173.8467369	-0.005541	0.96325	0	0.0055409	-0.016260982	-2.256419688						
0.9535	0.0054854	173.8250629	-0.005485	0.9535	0	0.0054852	-0.020679303	-2.260807533						
0.944	0.005431	173.8169766	-0.0054308	0.944	0	0.0054309	-0.025028006	-2.265128194						
0.9345	0.0053778	173.7699431	-0.0053774	0.9345	0	0.0053776	-0.029420694	-2.269411505						
0.92475	0.0053218	173.7663948	-0.0053216	0.92475	0	0.0053217	-0.03397566	-2.273949612						
0.91525	0.0052676	173.7508543	-0.005267	0.91525	0	0.0052673	-0.038460262	-2.278411946						
0.9055	0.0052118	173.7403584	-0.0052116	0.9055	0	0.0052117	-0.043111545	-2.283020591						
0.896	0.0051584	173.6972705	-0.0051582	0.896	0	0.0051583	-0.04769199	-2.287493403						
0.8865	0.0051036	173.700917	-0.0051032	0.8865	0	0.0051034	-0.05232126	-2.292140391						
0.87675	0.0050482	173.6757656	-0.0050478	0.87675	0	0.005048	-0.057124225	-2.296880654						
0.86725	0.0049944	173.6444818	-0.004994	0.86725	0	0.0049942	-0.061855691	-2.30153407						
0.8575	0.0049386	173.6322035	-0.0049382	0.8575	0	0.0049384	-0.066765871	-2.306413736						
0.848	0.0048838	173.635284	-0.0048836	0.848	0	0.0048837	-0.071604148	-2.311251022						
0.8385	0.0048302	173.5952963	-0.0048302	0.8385	0	0.0048302	-0.076496933	-2.316034886						
0.82875	0.0047744	173.5820208	-0.0047742	0.82875	0	0.0047743	-0.081576459	-2.321090295						
0.81925	0.0047212	173.5257985	-0.0047208	0.81925	0	0.004721	-0.08658355	-2.325966						
0.8095	0.0046652	173.5188202	-0.0046648	0.8095	0	0.004665	-0.091783147	-2.331148352						
0.8	0.0046104	173.5207357	-0.00461	0.8	0	0.0046102	-0.096910013	-2.336280234						
0.7905	0.0045564	173.4922307	-0.0045564	0.7905	0	0.0045564	-0.102098126	-2.341378157						
0.78075	0.0045008	173.469161	-0.0045008	0.78075	0	0.0045008	-0.107488007	-2.346710285						
0.77125	0.004446	173.4705353	-0.0044458	0.77125	0	0.0044459	-0.112804823	-2.35204031						
0.7615	0.0043904	173.4466108	-0.00439	0.7615	0	0.0043902	-0.118330092	-2.357515695						
0.752	0.0043364	173.4157366	-0.004336	0.752	0	0.0043362	-0.123782159	-2.362890695						
0.7425	0.0042816	173.4164798	-0.0042814	0.7425	0	0.0042815	-0.129303542	-2.368404052						
0.73275	0.0042258	173.3991197	-0.0042254	0.73275	0	0.0042256	-0.135044173	-2.374111616						
0.72325	0.0041724	173.3414821	-0.004172	0.72325	0	0.0041722	-0.140711558	-2.379634881						
0.7135	0.004116	173.3479106	-0.004116	0.7135	0	0.004116	-0.146606023	-2.385524634						
0.704	0.0040614	173.3392426	-0.004061	0.704	0	0.0040612	-0.152427341	-2.391345622						
0.6945	0.0040076	173.2957381	-0.004007	0.6945	0	0.0040073	-0.15832775	-2.397148144						
0.68475	0.0039512	173.3017817	-0.0039512	0.68475	0	0.0039512	-0.164467959	-2.403270987						
0.67525	0.0038964	173.3009958	-0.0038964	0.67525	0	0.0038964	-0.170535407	-2.409336465						
0.6655	0.0038404	173.2892407	-0.0038402	0.6655	0	0.0038403	-0.17685194	-2.415634848						
0.656	0.0037868	173.2333369	-0.0037864	0.656	0	0.0037866	-0.183096161	-2.421750569						
0.6465	0.0037314	173.2593665	-0.0037314	0.6465	0	0.0037314	-0.189431471	-2.428128193						
0.63675	0.0036758	173.2275967	-0.0036754	0.63675	0	0.0036756	-0.196031046	-2.434671757						
0.62725	0.0036206	173.2447661	-0.0036202	0.62725	0	0.0036204	-0.20255933	-2.441243444						
0.6175	0.0035658	173.1729205	-0.0035656	0.6175	0	0.0035657	-0.209363038	-2.447855199						
0.608	0.0035104	173.1996354	-0.0035104	0.608	0	0.0035104	-0.216096421	-2.454643394						
0.5985	0.0034554	173.207154	-0.0034554	0.5985	0	0.0034554	-0.222935845	-2.461501671						
0.58875	0.0034006	173.1312121	-0.0034004	0.58875	0	0.0034005	-0.23006908	-2.468457221						
0.57925	0.0033456	173.1378527	-0.0033458	0.57925	0	0.0033457	-0.237133958	-2.475513004						
0.5695	0.0032894	173.1318782	-0.0032892	0.5695	0	0.0032893	-0.244506272	-2.482896515						
0.56	0.0032344	173.1387583	-0.0032344	0.56	0	0.0032344	-0.251811973	-2.490206272						
0.5505	0.0031802	173.1023206	-0.00318	0.5505	0	0.0031801	-0.259242677	-2.497559223						
0.54075	0.003124	173.0953905	-0.0031238	0.54075	0	0.0031239	-0.267003472	-2.505302877						
0.53125	0.003069	173.1019876	-0.003069	0.53125	0	0.003069	-0.274701057	-2.513003112						
0.5215	0.003014	173.0258792	-0.0030138	0.5215	0	0.0030139	-0.282745687	-2.520871162						
0.512	0.0029588	173.0431256	-0.0029586	0.512	0	0.0029587	-0.290730039	-2.528899068						
0.5025	0.0029036	173.0610277	-0.0029034	0.5025	0	0.0029035	-0.298863934	-2.53707817						
0.49275	0.0028474	173.0526094	-0.002847	0.49275	0	0.0028472	-0.307373367	-2.545582025						
0.48325	0.0027932	173.0094515	-0.002793	0.48325	0	0.0027931	-0.315828137	-2.553913515						
0.4735	0.002737	172.9996346	-0.0027368	0.4735	0	0.0027369	-0.324680017	-2.56274107						
0.464	0.0026818	173.0181222	-0.0026814	0.464	0	0.0026816	-0.333482019	-2.571606003						
0.4545	0.0026274	172.9846997	-0.0026274	0.4545	0	0.0026274	-0.342466112	-2.580473804						
0.44475	0.0025714	172.9602551	-0.002571	0.44475	0	0.0025712	-0.351884043	-2.589864141						
0.43525	0.0025162	172.9790955	-0.002516	0.43525	0	0.0025161	-0.36126122	-2.599272102						
0.4255	0.0024596	172.995609	-0.0024594	0.4255	0	0.0024595	-0.371100436	-2.609153173						
0.416	0.0024058	172.9154543	-0.0024056	0.416	0	0.0024057	-0.380906669	-2.618758532						
0.4065	0.0023506	172.9345699	-0.0023502	0.4065	0	0.0023504	-0.39093945	-2.628858222						
0.39675	0.0022942	172.9360997	-0.0022938	0.39675	0	0.002294	-0.401483065	-2.639406586						
0.38725	0.00224	172.8794643	-0.0022396	0.38725	0	0.0022398	-0.412008574	-2.64979076						
0.3775	0.0021838	172.8638154	-0.0021836	0.3775	0	0.0021837	-0.423083044	-2.660807026						
0.368	0.0021284	172.8998309	-0.0021286	0.368	0	0.0021285	-0.434152181	-2.671926345						
0.3585	0.0020742	172.8377206	-0.002074	0.3585	0	0.0020741	-0.44551084	-2.683170309						
0.34875	0.0020178	172.8367529	-0.0020178	0.34875	0	0.0020178	-0.457485784	-2.695121882						
0.33925	0.0019626	172.857434	-0.0019624	0.33925	0	0.0019625	-0.469480144	-2.707190335						
0.3295	0.0019062	172.856993	-0.001906	0.3295	0	0.0019061	-0.482144581	-2.719854319						
0.32	0.001852	172.7861771	-0.0018516	0.32	0	0.0018518	-0.494850022	-2.73240592						
0.3105	0.0017968	172.8072128	-0.0017964	0.3105	0	0.0017966	-0.507938395	-2.745548605						
0.30075	0.0017402	172.8249626	-0.0017402	0.30075	0	0.0017402	-0.521794364	-2.759400836						
0.29125	0.001686	172.7461447	-0.0016858	0.29125	0	0.0016859	-0.535734066	-2.773168189						
0.2815	0.0016294	172.7629802	-0.0016294	0.2815	0	0.0016294	-0.550521601	-2.787972288						
0.272	0.0015742	172.7861771	-0.001574	0.272	0	0.0015741	-0.565431096	-2.802967681						
0.2625	0.00152	172.6973684	-0.0015198	0.2625	0	0.0015199	-0.580870692	-2.818184985						
0.25275	0.001463	172.7614491	-0.0014632	0.25275	0	0.0014631	-0.597308836	-2.83472599						
0.24325	0.0014082	172.7382474	-0.0014078	0.24325	0	0.001408	-0.613947151	-2.851397345						
0.2335	0.0013512	172.8093546	-0.0013514	0.2335	0	0.0013513	-0.631713115	-2.869248223						
0.224	0.0012974	172.6529983	-0.001297	0.224	0	0.0012972	-0.649751982	-2.88699306						
0.2145	0.001242	172.705314	-0.0012416	0.2145	0	0.0012418	-0.668572703	-2.905948344						
0.20475	0.0011854	172.7265058	-0.0011852	0.20475	0	0.0011853	-0.68877609	-2.926171716						
0.19525	0.001131	172.6348364	-0.0011308	0.19525	0	0.0011309	-0.709408957	-2.946575796						
0.1855	0.0010746	172.6223711	-0.0010744	0.1855	0	0.0010745	-0.731656086	-2.96879358						
0.176	0.001019	172.7183513	-0.001019	0.176	0	0.001019	-0.754487332	-2.991825816						
0.1665	0.0009649	172.5567416	-0.00096426	0.1665	0	0.00096458	-0.778585762	-3.015661747						
0.15675	0.0009082	172.5941423	-0.00090764	0.15675	0	0.00090792	-0.80479245	-3.041952417						
0.14725	0.00085296	172.6341212	-0.0008523	0.14725	0	0.00085263	-0.831944697	-3.069239391						
0.1375	0.00079632	172.6692787	-0.00079574	0.1375	0	0.00079603	-0.861697302	-3.099070565						
0.128	0.00074204	172.4974395	-0.00074144	0.128	0	0.00074174	-0.89279003	-3.1297483						
0.1185	0.00068656	172.5996271	-0.00068606	0.1185	0	0.00068631	-0.92628165	-3.163479673						
0.10875	0.00062998	172.6245278	-0.00062946	0.10875	0	0.00062972	-0.963570734	-3.200852513						
0.09925	0.00057562	172.4227789	-0.00057514	0.09925	0	0.00057538	-1.003269485	-3.240045238						
0.0895	0.00051914	172.4005085	-0.0005187	0.0895	0	0.00051892	-1.048176965	-3.284899591						
0.08	0.00046356	172.5774441	-0.00046312	0.08	0	0.00046334	-1.096910013	-3.334100206						
0.0705	0.0004093	172.2452968	-0.00040888	0.0705	0	0.00040909	-1.151810883	-3.388181136						
0.06075	0.00035266	172.2622356	-0.0003522	0.06075	0	0.00035243	-1.216453718	-3.45292713						
0.05125	0.00029728	172.396394	-0.0002968	0.05125	0	0.00029704	-1.29030613	-3.527185064						
0.0415	0.00024066	172.4424499	-0.0002403	0.0415	0	0.00024048	-1.381951903	-3.618921037						
0.032	0.00018632	171.7475311	-0.00018598	0.032	0	0.00018615	-1.494850022	-3.730136959						
0.0225	0.00013092	171.8606783	-0.0001305	0.0225	0	0.00013071	-1.647817482	-3.883691185						
0.01275	7.40E-05	172.1949111	-7.34E-05	0.01275	0	0.000073714	-1.894489815	-4.132450022						
0.00325	2.01E-05	161.4024632	-1.87E-05	0.00325	0	0.000019439	-2.488116639	-4.71132608						
